$ANSIBLE_VAULT;1.1;AES256
39353437303730383134636262646236636132653965616361646361353364326232636332363432
3262383566386337663932303333383863383431653432310a663065316261313463323663616633
63306136336439623130336331626261663166613939333833306666616339333563386361663662
3031333463393736610a653637303065396666316333353730326636373239303632376438303236
61326232653634393033303339643539343733383937333663633038326165386139663237383832
64383064623135333035653431653466323534313564353337376538626463326166636130333564
30333331383830373065396137396335383438616535316133383761633533343134326362336238
66323534323266373864323834643234316439613161373838333362313436303161303365656533
30653761316134323935303436333635366631613465333965666638383266616361616264316338
38643663656532316132636239363266633733653038323066663162306234316637323533373831
38623630626539616534376533333264663161386538393564626337353932316238326332346538
36656666393033663539323963643538383738316361333762383036396563303031323632393363
64306533656565396132613161333031376461633961306262633361623732373732396235653765
63646364633764623663376536306139383738343564353637306663386164633037306633633436
37636463656163613331663064623037383664333032303731303138343963626165386437623038
36306230626662343863353431343865643261376463663335383239373361633630646332643538
32393334386236376462326463623934353065653563333135656538646136346536623439363131
32613134363865633038613032393331663237366433383734346364633938613366373130653664
38353933336632613630346665366338323866383666333766616565613133363865353539326138
37623331373235373363383238633232323838303130336632393630323331366237303361656562
37646462623630613636623937333237613739636561333932653039636661393561333463316261
37303035623362333234623336646365383662376432643132623332336566346434306565363935
36316632656365626539366134336234656666336635313432316333626466303130643934646465
62396631643534326461326139623035613163343733306164346436303536656231396266323337
36336565383537643965346463316432353632613964663435346561333836653839663732616630
37666662346636313065626131653561336437363566346234626361663263393862643332313064
63343966633639363536656363353731383438323634386234346665646236373261656265343861
36623866396262653961313736326637343565653539383836613863336336623762613561336364
65643733343866616631366264356465643838303563656331666134633962653466316637666361
63623138353362623434373238383830626436333062386362633766666164303361333062626131
62393965306136666534306164346263303062616538643537333238353666386532333837323332
32386664333861646464363865383336383461396539376461326635313466636434396561393466
39653034363637303430663566343838653035623935623864613432303837653737646135376437
64636333633264376531373133656639663239373937636439623837663636366666356434353163
62636564343232326535623738393835626163323030313165383935633165383061613761653661
65313562303639623230666434373661663765363230333565303264636538633537343430636433
38633633376563336562313632663163636164653835363538393830663734373664626436303536
62656465663935383331356463666230346263303031326539373832383230633336626466303565
61633535303731663036366237313437373934633263353565333436313862326537336563623537
38656165383334343862323266336662333737353565353632343965616236303865313937613531
66323161616533623861313266383861373038643639623432346230666261373834643732653034
31323962376333323931346365633633616665383165333266376633303561633366346233623265
63333534383563346162313534633236376435313131313665613165333739626465303563633935
63333863336430333461306433613736313862663033336435623664663138626563306232363832
66343838346165663231323564313034633335383464376233653632656665383936643163643861
61623365303562313566323434613761353736313333336434333330353036333236383837623361
34356561323766323364356332323336363935363035383362323538343537663832313337333363
39623261643361393635393437653133383233316439313232313632303865323566313335383664
37366535333836363630333262643138346237633363306436666463376264613333653566376636
34356432653638383761363437333735343965393161316164333965323136656630633539353633
37306334343863373336393838393861333834386564323234663662616362646539323538383536
32393662613937336131346437613039323435376533623964303466333866383437303539353164
39323065396236396233343062393131323638313762366463663939313335666163363031396233
66643832323434306362306165393234633932613764346637393432623862326235663233393935
33363831356330356365636236343764383664326362613536333737626464333831323864613733
66313762343633313163376131396635653034636236613337623964616330663132396163363039
66393966306339366637666133326437343335313339346436353266613861333662333363346134
66666632613464353630303932313930386538626438356138363230383064363263363139653366
65333566653632346532323166306239333663393937343834346662306264313762313461663031
63376463323737393363336361363730616634393937633139643038366564626363303264303530
63666465613865613632636231613836353731393066366231313036386666353939306339366334
61326533383562666631393664633538303534656331333265663564666365333834643336613430
62393731353461363563313061346533383264653630326337343362646530646337323136653231
33383533336137643539313865653962613366383636666537656362323966373431396263313162
32383762363039386363363538393465306430383335313131646362363862656561613137623434
37646532643966306338376339336536393664343061386434303438356461363936623137346233
62646430636430363038656438373562343763613366306364363264653234623464396161653066
30626161366565363936626233653235353939363438613130373834666639653264306339663931
31303432353663326230616466616137313739613833646539653031326333666638316233383131
61383038646661636633623664646630376539386563643664303964336264323430326261343534
38306332323065336466306438646439613064363030623862653737316336633230373933323730
66343539333232323361656639353036366166383239333262663937613139353130646237386438
35333662376462323864636664313831353632386630383730623631303238343833316138393966
66623863386238396631386337646363646634303637353766363131646663633636643664643039
31666562396663613865313065356537343031633832636334383030656434393262393465326335
35303733616133313930373564646333623464663363623331346436613062393038663762633665
36636363316231616464366537633863653162386639623337316661363238643364323261343339
34626633353831363166613066636331303737616335653431653330636432653332613130386464
33656134663235663938623636653638393732346563656132396630346433623833386337336566
31383532353761383839393133313762643331376230653661306264383538623532653037313339
36653739643962616662626330636663353666633364373334316262623238303561656439346365
32653430346134643636623762353866303966613963653736353066323730663635333565633333
36306530303966613738653537356431393863653737393564323962343663663530333561656632
66666334623534656635643566633637666535326166303738633931386539353161386633386632
31316631363963386436323163333038323931376664343633643165656162653439303936646133
63343465326335623066316363323063393935653836393764633765396366336536666530336430
33383638646439326436316234646263326366333166333030633730323932303565323238663238
63623365636230336639346635376366623163623464643931663837376663346233326239366662
63363764316164363536653831363961386166393532353363396135303838623137356365626533
63343333323866623663313566633837653164623036336464313839306437386161626663653133
32396264333464623732386433323436386631306231346136346662316430356465333536666132
38366536633363616132373832383837373539343539653632343833633731303965343163616263
34306662343433346239623463626339363933643063393966386531643832306239643232666166
66356534613038393265346265383732353962323634303464353636343966333566646665393233
30346231353239316261623962636234333930346136386161313339306235343632316133613266
62313930663334663430663565633464666361643836353730373335303934343864303938376364
38313936666533623536333634643862363637353632623161393535396362643033333732353466
34666161373762326239643064376565373631306563373630396631316130623939343464376339
66623831666434336338396438323464373436646131366332623939356537366439626137343433
61623331306236373533386638346562326266353162396634353338373139643936303833396539
62393235353332316530383239643936393132333633323336636333363064643838653361653634
66386231623636633265353262643364346334333935636232393864386538343133643361333834
313034333334346439633861383766626336
